01 13 22 25 35 03 04 
12 20 23 27 34 01 06 
04 21 23 24 30 09 10 
04 09 22 28 30 01 10 
04 09 23 24 30 08 11 
19 20 30 32 33 03 05 
03 04 28 31 34 04 11 
09 15 17 20 22 10 11 
10 12 28 30 34 03 04 
24 25 26 28 29 04 12 
03 13 15 23 26 01 10 
03 22 24 29 34 07 11 
08 24 31 33 35 07 10 
14 16 18 24 31 01 08 
04 13 15 18 29 05 11 
01 02 12 13 23 09 12 
04 19 21 23 31 04 09 
06 08 13 24 28 06 12 
10 11 19 21 28 05 12 
01 10 13 14 21 09 12 
05 06 08 09 15 04 11 
02 10 19 33 35 05 06 
12 13 18 21 29 02 08 
02 16 24 30 32 04 07 
07 08 09 15 34 07 08 
01 02 03 04 30 03 05 
01 18 20 21 26 04 11 
04 19 25 30 35 04 07 
03 09 21 25 29 01 08 
05 18 21 28 32 09 11 
03 08 13 17 23 05 11 
07 10 17 32 35 05 12 
02 03 19 23 34 04 09 
08 11 22 27 32 03 07 
05 07 10 12 24 07 11 
11 17 18 21 27 07 08 
01 03 27 30 31 02 11 
14 23 25 31 32 01 03 
02 07 14 29 32 10 11 
05 07 18 27 31 01 08 
