07 09 20 31 33 08 10 
{ForeResult1} {ForeResult2} {ForeResult3} {ForeResult4}  {BackResult1} 
03 05 06 13 22 09 12 
05 08 11 28 31 06 07 
05 09 20 26 35 02 11 
04 06 23 32 33 05 06 
08 11 17 25 27 02 04 
03 04 09 25 32 02 04 
05 06 08 12 22 03 04 
04 10 13 18 35 01 02 
05 15 21 29 34 06 09 
04 05 24 26 35 07 12 
05 12 17 30 34 11 12 
04 08 15 24 25 02 05 
01 07 19 27 34 01 02 
03 13 28 30 33 09 10 
04 19 24 26 29 04 06 
06 07 10 17 23 01 09 
02 06 14 23 25 02 10 
16 21 24 27 28 04 07 
01 15 17 20 26 06 08 
02 03 09 17 24 06 12 
05 08 12 24 34 07 10 
21 23 29 32 35 11 12 
10 16 19 20 34 04 05 
10 14 19 25 32 02 07 
08 17 25 33 34 03 11 
06 18 22 23 33 09 11 
01 06 14 17 29 01 11 
21 22 24 29 34 05 06 
02 16 17 30 32 02 09 
02 13 14 18 29 03 09 
15 22 23 25 34 05 11 
06 12 21 26 29 02 11 
14 17 22 30 33 07 12 
01 04 09 18 33 02 05 
13 15 16 32 34 06 11 
04 05 13 18 27 03 09 
05 06 14 17 26 03 08 
04 06 10 23 29 09 11 
02 04 06 25 31 05 09 
02 17 31 33 34 01 07 
06 13 22 25 35 09 12 
11 16 17 18 25 02 09 
01 08 11 21 35 09 12 
04 17 20 23 30 02 03 
15 19 32 33 34 09 12 
07 09 13 15 19 03 10 
09 12 14 22 31 05 08 
12 14 17 20 28 02 06 
14 17 18 22 29 10 11 
03 19 24 28 33 04 12 
06 19 20 22 26 01 11 
16 29 30 32 33 04 05 
19 20 22 30 33 03 09 
01 04 24 27 32 03 10 
12 16 19 23 24 02 05 
14 18 20 21 28 03 06 
08 11 13 15 17 03 10 
09 15 20 26 31 05 12 
10 19 23 25 30 02 04 
01 04 06 08 28 08 12 
18 21 22 24 29 05 11 
01 08 20 27 30 03 04 
05 11 12 19 28 05 12 
11 15 23 26 30 02 11 
10 17 18 32 35 10 11 
07 08 19 24 27 06 07 
10 16 20 23 32 08 11 
06 16 18 26 30 02 03 
01 04 11 14 33 05 07 
01 03 29 32 34 02 05 
07 18 28 31 33 01 02 
08 10 11 13 17 08 11 
05 11 16 18 35 01 06 
02 07 25 30 35 07 12 
01 03 04 25 31 06 09 
04 05 27 31 34 03 06 
01 17 19 32 33 02 11 
08 10 21 30 31 02 05 
02 12 15 20 34 01 06 
05 13 20 21 25 08 09 
02 05 14 22 34 03 09 
06 11 14 21 31 09 12 
09 13 14 25 30 02 05 
12 15 18 22 31 01 08 
03 14 21 29 35 02 06 
05 28 31 34 35 08 09 
03 05 06 15 18 03 10 
03 06 15 22 35 09 11 
01 05 07 16 19 03 12 
03 07 09 17 34 04 05 
05 06 17 21 29 02 04 
03 05 08 29 33 04 08 
15 32 33 34 35 03 12 
03 07 09 17 28 04 12 
07 14 19 22 34 07 12 
06 09 17 30 35 10 11 
08 09 17 18 24 03 07 
02 05 18 19 31 01 09 
05 15 21 25 29 05 08 
01 12 23 24 29 08 12 
04 19 20 24 29 03 04 
09 11 22 27 30 09 11 
04 15 22 24 32 02 09 
09 12 18 23 29 02 04 
04 10 19 25 27 06 12 
01 04 15 21 22 04 09 
06 09 19 26 34 05 07 
10 14 20 21 35 02 05 
02 14 17 26 34 08 12 
05 06 20 31 32 06 12 
05 08 17 18 23 04 12 
06 07 12 18 23 01 12 
14 19 20 25 31 06 08 
02 27 30 32 33 01 03 
05 07 09 24 32 08 10 
02 07 16 20 33 03 11 
05 07 13 29 35 03 08 
08 15 24 26 27 05 06 
01 06 12 26 31 01 07 
03 12 18 29 34 03 11 
03 15 23 26 32 01 12 
03 29 30 32 35 03 08 
07 11 18 26 28 04 05 
03 04 13 24 33 01 11 
02 15 18 21 22 03 10 
09 11 13 18 33 02 03 
05 17 20 32 33 04 09 
05 18 28 33 34 03 04 
03 05 08 19 34 01 12 
11 17 23 26 27 01 10 
15 17 19 32 33 01 03 
07 18 19 32 34 02 10 
01 12 15 19 22 02 04 
01 11 20 21 22 03 04 
01 20 22 28 29 05 07 
04 07 09 20 25 02 11 
02 06 19 25 32 09 12 
10 16 25 26 29 01 05 
02 08 21 22 29 03 05 
01 05 16 19 28 02 10 
06 09 24 29 32 02 07 
03 21 23 29 32 10 11 
04 07 17 18 19 03 10 
01 05 11 14 35 09 10 
05 16 17 25 34 01 11 
19 27 31 32 35 11 12 
10 18 19 25 26 04 12 
03 06 10 13 18 09 11 
05 06 23 28 32 04 05 
02 04 07 23 28 02 08 
